107,17
107,13
107,16
107,15
107,14
107,12
107,4
107,11
107,10
107,9
107,8
107,7
107,6
107,5
110,3
110,2
110,1
110,0
109,3
109,2
109,1
109,0
108,3
108,2
108,1
108,0
107,3
107,2
107,1
107,0
106,4
106,3
106,2
106,1
106,0
105,3
105,2
105,1
105,0
104,3
104,2
104,1
104,0
0,532
0,531
0,530
0,529
0,528
0,527
0,526
0,525
0,524
0,523
0,522
0,521
0,472
103,3
103,2
103,1
103,0
102,3
102,2
102,1
102,0
101,4
101,3
101,2
101,1
101,0
100,4
100,3
100,2
100,1
100,0
99,4
99,3
99,2
99,1
99,0
98,3
98,2
98,1
98,0
97,3
97,2
97,1
97,0
96,3
96,2
96,1
96,0
95,4
95,3
95,2
95,1
95,0
94,4
94,3
94,2
94,1
94,0
93,4
93,3
93,2
93,1
93,0
92,3
92,2
92,1
92,0
91,35
10,291
10,161
10,67
10,183
10,97
10,219
10,99
10,33
11,21
11,5
11,17
11,29
11,15
11,23
9,5
8,14
8,8
8,7
8,18
90,3
90,2
90,1
90,0
89,3
89,2
89,1
89,0
88,4
